********************************************************************************
*
* Wolfson Microelectronics coefficient configuration file
* Created at 05:37:45 on 2010-10-09
*
********************************************************************************
Bands          = 5
SampleRate     = 44100

*
* Coefficients
*

* Band 1
Gain[0]    = 1.00000000000000000000
A[0]       = 0.98681640625000000000
B[0]       = 0.25000000000000000000
PG[0]      = 0.05273437500000000000

* Band 2
Gain[1]    = 1.00000000000000000000
A[1]       = 1.91918945312500000000
B[1]       = -0.92065429687500000000
C[1]       = 0.71606445312500000000
PG[1]      = 0.11059570312500000000

* Band 3
Gain[2]    = 1.00000000000000000000
A[2]       = 1.77148437500000000000
B[2]       = -0.78442382812500000000
C[2]       = 0.64550781250000000000
PG[2]      = 0.33398437500000000000

* Band 4
Gain[3]    = 1.00000000000000000000
A[3]       = 1.40966796875000000000
B[3]       = -0.48999023437500000000
C[3]       = 0.47973632812500000000
PG[3]      = 1.06323242187500000000

* Band 5
Gain[4]    = 1.41253754462275440000
A[4]       = 0.21899414062500000000
B[4]       = 0.30468750000000000000
PG[4]      = 4.00000000000000000000
